PI: 3.14159265358979323846
E: 2.7182818284590452354

total: Function(a,b,a+b)